    exif:ApertureValue: 2159/1273
    exif:BrightnessValue: 6369/779
    exif:ColorSpace: 1
    exif:ComponentsConfiguration: 1, 2, 3, 0
    exif:DateTime: 2018:12:13 16:07:26
    exif:DateTimeDigitized: 2018:12:13 16:07:26
    exif:DateTimeOriginal: 2018:12:13 16:07:26
    exif:ExifImageLength: 256
    exif:ExifImageWidth: 192
    exif:ExifOffset: 222
    exif:ExifVersion: 48, 50, 50, 49
    exif:ExposureBiasValue: 0/1
    exif:ExposureMode: 0
    exif:ExposureProgram: 2
    exif:ExposureTime: 1/383
    exif:Flash: 24
    exif:FlashPixVersion: 48, 49, 48, 48
    exif:FNumber: 9/5
    exif:FocalLength: 399/100
    exif:FocalLengthIn35mmFilm: 28
    exif:GPSAltitude: 4/1
    exif:GPSAltitudeRef: 0
    exif:GPSDateStamp: 2018:12:13
    exif:GPSDestBearing: 16771/271
    exif:GPSDestBearingRef: T
    exif:GPSImgDirection: 16771/271
    exif:GPSImgDirectionRef: T
    exif:GPSInfo: 1764
    exif:GPSLatitude: 38/1, 53/1, 2102/100
    exif:GPSLatitudeRef: N
    exif:GPSLongitude: 77/1, 2/1, 2678/100
    exif:GPSLongitudeRef: W
    exif:GPSSpeed: 1781/22004
    exif:GPSSpeedRef: K
    exif:GPSTimeStamp: 21/1, 7/1, 25/1
    exif:ISOSpeedRatings: 20
    exif:Make: Apple
    exif:MakerNote: 65, 112, 112, 108, 101, 32, 105, 79, 83, 0, 0, 1, 77, 77, 0, 20, 0, 1, 0, 9, 0, 0, 0, 1, 0, 0, 0, 10, 0, 2, 0, 7, 0, 0, 2, 46, 0, 0, 1, 4, 0, 3, 0, 7, 0, 0, 0, 104, 0, 0, 3, 50, 0, 4, 0, 9, 0, 0, 0, 1, 0, 0, 0, 1, 0, 5, 0, 9, 0, 0, 0, 1, 0, 0, 0, 213, 0, 6, 0, 9, 0, 0, 0, 1, 0, 0, 0, 219, 0, 7, 0, 9, 0, 0, 0, 1, 0, 0, 0, 1, 0, 8, 0, 10, 0, 0, 0, 3, 0, 0, 3, 154, 0, 12, 0, 10, 0, 0, 0, 2, 0, 0, 3, 178, 0, 13, 0, 9, 0, 0, 0, 1, 0, 0, 0, 43, 0, 14, 0, 9, 0, 0, 0, 1, 0, 0, 0, 4, 0, 16, 0, 9, 0, 0, 0, 1, 0, 0, 0, 1, 0, 20, 0, 9, 0, 0, 0, 1, 0, 0, 0, 1, 0, 23, 0, 9, 0, 0, 0, 1, 0, 0, 0, 0, 0, 25, 0, 9, 0, 0, 0, 1, 0, 0, 0, 0, 0, 26, 0, 2, 0, 0, 0, 6, 0, 0, 3, 194, 0, 31, 0, 9, 0, 0, 0, 1, 0, 0, 0, 0, 0, 37, 0, 9, 0, 0, 0, 1, 0, 0, 0, 0, 0, 38, 0, 9, 0, 0, 0, 1, 0, 0, 0, 0, 0, 39, 0, 10, 0, 0, 0, 1, 0, 0, 3, 200, 0, 0, 0, 0, 98, 112, 108, 105, 115, 116, 48, 48, 79, 17, 2, 0, 205, 1, 175, 1, 160, 1, 128, 1, 64, 1, 227, 0, 78, 0, 84, 0, 133, 0, 155, 0, 143, 0, 144, 0, 112, 0, 42, 0, 41, 0, 38, 0, 204, 1, 161, 1, 145, 1, 123, 1, 73, 1, 64, 1, 111, 0, 88, 0, 146, 0, 156, 0, 155, 0, 149, 0, 119, 0, 45, 0, 44, 0, 42, 0, 209, 1, 168, 1, 133, 1, 111, 1, 77, 1, 65, 1, 102, 0, 90, 0, 122, 0, 150, 0, 144, 0, 150, 0, 126, 0, 47, 0, 42, 0, 43, 0, 211, 1, 172, 1, 127, 1, 94, 1, 78, 1, 64, 1, 154, 0, 92, 0, 113, 0, 141, 0, 151, 0, 140, 0, 133, 0, 42, 0, 45, 0, 43, 0, 213, 1, 149, 1, 18, 1, 246, 0, 230, 0, 234, 0, 155, 0, 100, 0, 114, 0, 135, 0, 154, 0, 137, 0, 140, 0, 29, 0, 38, 0, 43, 0, 210, 1, 173, 1, 135, 1, 90, 1, 94, 1, 130, 1, 228, 0, 110, 0, 132, 0, 136, 0, 156, 0, 142, 0, 153, 0, 42, 0, 45, 0, 43, 0, 190, 1, 165, 1, 127, 1, 100, 1, 123, 1, 159, 1, 218, 0, 131, 0, 157, 0, 140, 0, 155, 0, 152, 0, 146, 0, 48, 0, 47, 0, 43, 0, 168, 1, 155, 1, 120, 1, 121, 1, 179, 1, 192, 1, 5, 1, 186, 0, 200, 0, 137, 0, 168, 0, 142, 0, 135, 0, 51, 0, 46, 0, 42, 0, 152, 1, 142, 1, 114, 1, 158, 1, 214, 1, 166, 1, 55, 1, 5, 1, 228, 0, 125, 0, 161, 0, 144, 0, 140, 0, 60, 0, 47, 0, 45, 0, 140, 1, 134, 1, 119, 1, 206, 1, 201, 1, 207, 1, 188, 0, 163, 0, 172, 0, 144, 0, 163, 0, 135, 0, 142, 0, 67, 0, 50, 0, 44, 0, 137, 1, 132, 1, 141, 1, 253, 1, 225, 1, 201, 1, 226, 0, 127, 0, 153, 0, 144, 0, 172, 0, 168, 0, 157, 0, 73, 0, 50, 0, 42, 0, 135, 1, 141, 1, 200, 1, 20, 2, 75, 2, 192, 1, 204, 0, 135, 0, 165, 0, 146, 0, 164, 0, 157, 0, 163, 0, 79, 0, 50, 0, 44, 0, 137, 1, 156, 1, 2, 2, 55, 2, 57, 2, 207, 1, 127, 0, 133, 0, 171, 0, 145, 0, 179, 0, 156, 0, 163, 0, 82, 0, 45, 0, 44, 0, 144, 1, 199, 1, 21, 2, 73, 2, 38, 2, 195, 1, 160, 0, 138, 0, 181, 0, 156, 0, 177, 0, 176, 0, 175, 0, 89, 0, 46, 0, 44, 0, 153, 1, 227, 1, 32, 2, 88, 2, 22, 2, 178, 1, 123, 0, 125, 0, 185, 0, 148, 0, 176, 0, 178, 0, 175, 0, 97, 0, 47, 0, 45, 0, 181, 1, 255, 1, 61, 2, 72, 2, 34, 2, 207, 1, 83, 0, 126, 0, 189, 0, 147, 0, 169, 0, 173, 0, 167, 0, 104, 0, 32, 0, 42, 0, 0, 8, 0, 0, 0, 0, 0, 0, 2, 1, 0, 0, 0, 0, 0, 0, 0, 1, 0, 0, 0, 0, 0, 0, 0, 0, 0, 0, 0, 0, 0, 0, 2, 12, 98, 112, 108, 105, 115, 116, 48, 48, 212, 1, 2, 3, 4, 5, 6, 7, 8, 85, 102, 108, 97, 103, 115, 85, 118, 97, 108, 117, 101, 89, 116, 105, 109, 101, 115, 99, 97, 108, 101, 85, 101, 112, 111, 99, 104, 16, 1, 19, 0, 2, 255, 214, 243, 20, 205, 109, 18, 59, 154, 202, 0, 16, 0, 8, 17, 23, 29, 39, 45, 47, 56, 61, 0, 0, 0, 0, 0, 0, 1, 1, 0, 0, 0, 0, 0, 0, 0, 9, 0, 0, 0, 0, 0, 0, 0, 0, 0, 0, 0, 0, 0, 0, 0, 63, 255, 255, 253, 211, 0, 5, 205, 14, 255, 255, 243, 195, 0, 0, 12, 83, 255, 255, 253, 55, 0, 0, 68, 78, 0, 0, 0, 63, 0, 0, 1, 0, 0, 0, 0, 49, 0, 0, 0, 128, 113, 56, 50, 53, 115, 0, 0, 0, 0, 0, 0, 0, 0, 1
    exif:MeteringMode: 5
    exif:Model: iPhone 7
    exif:Orientation: 1
    exif:ResolutionUnit: 2
    exif:SceneCaptureType: 0
    exif:SceneType: 1
    exif:SensingMethod: 2
    exif:ShutterSpeedValue: 17453/2034
    exif:Software: Photos 3.0
    exif:SubjectArea: 2015, 1511, 2217, 1330
    exif:SubSecTimeDigitized: 202
    exif:SubSecTimeOriginal: 202
    exif:TileLength: 512
    exif:TileWidth: 512
    exif:WhiteBalance: 0
    exif:XResolution: 72/1
    exif:YResolution: 72/1
    Profile-exif: 2080 bytes
